service_id,monday,tuesday,wednesday,thursday,friday,saturday,sunday,start_date,end_date,service_name
22162,1,1,1,1,1,1,1,20150708,20191230,Ежедневно
20830,1,1,1,1,1,1,1,20150520,20191230,Ежедневно
26176,1,1,1,1,1,1,1,20160215,20191230,Ежедневно
24113,1,1,1,1,1,1,1,20150923,20191230,Ежедневно
26357,1,1,1,1,1,1,1,20160301,20191230,Ежедневно
26356,1,1,1,1,1,0,0,20160301,20160304,Будние дни
26355,0,0,0,0,0,1,1,20160301,20160304,Выходные дни
25549,1,1,1,1,1,0,0,20160111,20191230,Будние дни
25812,0,0,0,0,0,1,1,20160111,20191230,Выходные дни
26358,0,0,0,0,0,1,1,20160301,20191230,Выходные дни
26359,1,1,1,1,1,0,0,20160301,20191230,Будние дни
26402,0,0,0,0,0,1,1,20160302,20191230,Выходные дни
26401,1,1,1,1,1,0,0,20160302,20160304,Будние дни
26393,0,0,0,0,0,1,1,20160301,20191230,Выходные дни
26394,1,1,1,1,0,0,0,20160301,20191230,Будние дни кроме пятницы
26395,0,0,0,0,1,0,0,20160301,20191230,Пятница
26354,0,0,0,0,0,1,1,20160301,20191230,Выходные дни
26353,1,1,1,1,1,0,0,20160301,20191230,Будние дни
24419,1,1,1,1,1,1,1,20151006,20191230,Ежедневно
25133,0,0,0,0,0,1,1,20151207,20191230,Выходные дни
25134,0,0,0,0,1,0,0,20151207,20191230,Пятница
25130,1,1,1,1,0,0,0,20151207,20191230,Будние дни кроме пятницы
26329,1,1,1,1,1,1,1,20160301,20191230,Ежедневно
26130,1,1,1,1,1,0,0,20160208,20191230,Будние дни
26131,0,0,0,0,0,1,1,20160208,20191230,Выходные дни
25898,1,1,1,1,1,0,0,20160121,20191230,Будние дни
25899,0,0,0,0,0,1,1,20160121,20191230,Выходные дни
25949,0,0,0,0,0,1,1,20160127,20191230,Выходные дни
25948,1,1,1,1,1,0,0,20160127,20191230,Будние дни
25950,0,0,0,0,0,1,1,20160127,20191230,Выходные дни
25951,1,1,1,1,1,0,0,20160127,20191230,Будние дни
2999,1,1,1,1,1,1,1,20120412,20191230,Ежедневно
25957,1,1,1,1,1,1,1,20160127,20191230,Ежедневно
23997,0,0,0,0,0,1,1,20150928,20191230,Выходные дни
25236,1,1,1,1,1,0,0,20151215,20191230,Будние дни
25620,1,1,1,1,1,0,0,20160111,20191230,Будние дни
25617,0,0,0,0,0,1,1,20160101,20191230,Выходные дни
25900,1,1,1,1,1,0,0,20160121,20191230,Будние дни
25901,0,0,0,0,0,1,1,20160121,20191230,Выходные дни
25543,0,0,0,0,0,1,1,20151230,20191230,Выходные дни
25542,1,1,1,1,1,0,0,20151230,20191230,Будние дни
26335,0,0,0,0,0,1,1,20160301,20191230,Выходные дни
26336,1,1,1,1,1,0,0,20160301,20191230,Будние дни
25205,1,1,1,1,1,0,0,20160111,20191230,Будние дни
25206,0,0,0,0,0,1,1,20160111,20191230,Выходные дни
24897,1,1,1,1,1,1,1,20151121,20191230,Ежедневно
25052,0,0,0,0,0,1,1,20151201,20191230,Выходные дни
25051,1,1,1,1,1,0,0,20151201,20191230,Будние дни
25995,1,1,1,1,1,0,0,20160208,20191230,Будние дни
25994,0,0,0,0,0,1,1,20160208,20191230,Выходные дни
25558,1,1,1,1,1,0,0,20160101,20191230,Будние дни
25557,0,0,0,0,0,1,1,20160101,20191230,Выходные дни
23651,1,1,1,1,1,0,0,20150901,20191230,Будние дни
24662,1,1,1,1,0,0,0,20151105,20191230,Будние дни кроме пятницы
24665,0,0,0,0,1,0,0,20151105,20191230,Пятница
25381,0,0,0,0,0,1,1,20160108,20191230,Выходные дни
26075,0,0,0,0,0,1,1,20160208,20191230,Выходные дни
26074,1,1,1,1,1,0,0,20160208,20191230,Будние дни
25913,1,1,1,1,1,1,1,20160123,20191230,Ежедневно
26330,0,0,0,0,0,1,1,20160301,20191230,Выходные дни
26331,1,1,1,1,1,0,0,20160301,20191230,Будние дни
24012,1,1,1,1,1,1,1,20150928,20191230,Ежедневно
24903,1,1,1,1,1,1,1,20151121,20191230,Ежедневно
25219,1,1,1,1,1,1,1,20151208,20191230,Ежедневно
25319,1,1,1,1,1,1,1,20151222,20191230,Ежедневно
19476,1,1,1,1,1,0,0,20150325,20191230,Будние дни
26317,0,0,0,0,0,1,1,20160301,20191230,Выходные дни
26318,1,1,1,1,1,0,0,20160301,20191230,Будние дни
26340,1,1,1,1,1,1,1,20160301,20191230,Ежедневно
25919,1,1,1,1,1,0,0,20160123,20191230,Будние дни
25918,0,0,0,0,0,1,1,20160123,20191230,Выходные дни
26321,0,0,0,0,1,0,0,20160301,20191230,Пятница
26323,1,1,1,1,0,0,0,20160301,20191230,Будние дни кроме пятницы
26320,0,0,0,0,0,1,1,20160301,20191230,Выходные дни
19790,0,0,0,0,0,1,1,20150426,20191230,Выходные дни
19789,1,1,1,1,1,0,0,20150426,20191230,Будние дни
26326,1,1,1,1,1,0,0,20160301,20191230,Будние дни
26325,0,0,0,0,0,1,1,20160301,20191230,Выходные дни
25137,1,1,1,1,1,0,0,20151207,20191230,Будние дни
25127,0,0,0,0,0,1,1,20151207,20191230,Выходные дни
25060,0,0,0,0,0,1,1,20151201,20191230,Выходные дни
25059,1,1,1,1,1,0,0,20151201,20191230,Будние дни
25376,1,1,1,1,1,1,1,20160102,20191230,Ежедневно
26342,1,1,1,1,1,1,0,20160301,20191230,Будние и субботние дни
26341,0,0,0,0,0,0,1,20160301,20191230,Воскресенье
26247,0,0,0,0,0,1,1,20160225,20191230,Выходные дни
26246,1,1,1,1,1,0,0,20160225,20191230,Будние дни
25050,0,0,0,0,0,1,1,20151201,20191230,Выходные дни
25049,1,1,1,1,1,0,0,20151201,20160308,Будние дни
26289,1,1,1,1,1,0,0,20160224,20191230,Будние дни
26143,1,1,1,1,1,0,0,20160208,20160304,Будние дни
26144,0,0,0,0,0,1,1,20160208,20191230,Выходные дни
24439,1,1,1,1,1,1,1,20151012,20191230,Ежедневно
25100,1,1,1,1,1,0,0,20151204,20160302,Будние дни
25101,0,0,0,0,0,1,0,20151204,20160302,Суббота
24529,1,1,1,1,1,1,1,20151015,20191230,Ежедневно
26338,0,0,0,0,0,1,1,20160301,20191230,Выходные дни
26339,1,1,1,1,1,0,0,20160301,20191230,Будние дни
25611,0,0,0,0,0,1,1,20160103,20191230,Выходные дни
25608,1,1,1,1,1,0,0,20151231,20191230,Будние дни
24528,1,1,1,1,1,0,0,20151019,20191230,Будние дни
25289,1,1,1,1,1,1,1,20151221,20191230,Ежедневно
26283,1,1,1,1,1,0,0,20160224,20160308,Будние дни
26284,0,0,0,0,0,1,1,20160224,20191230,Выходные дни
25438,0,0,0,0,0,1,1,20160108,20191230,Выходные дни
25624,1,1,1,1,1,0,0,20160101,20191230,Будние дни
25382,1,1,1,1,1,1,1,20160102,20191230,Ежедневно
26319,1,1,1,1,1,1,1,20160301,20191230,Ежедневно
24956,1,1,1,1,1,1,1,20151119,20191230,Ежедневно
26267,1,1,1,1,1,0,0,20160219,20191230,Будние дни
26268,0,0,0,0,0,1,1,20160219,20191230,Выходные дни
25251,1,1,1,1,1,1,1,20151215,20191230,Ежедневно
26262,1,1,1,1,1,1,1,20160225,20191230,Ежедневно
8029,0,0,0,0,0,1,1,20131003,20191230,Выходные дни
26295,1,1,1,1,0,0,0,20160224,20191230,Будние дни кроме пятницы
26292,0,0,0,0,1,0,0,20160224,20191230,Пятница
22745,1,1,1,1,1,1,1,20150810,20191230,Ежедневно
26314,1,1,1,1,1,1,1,20160301,20191230,Ежедневно
23295,0,0,0,0,0,1,1,20150901,20191230,Выходные дни
25033,1,1,1,1,1,0,0,20151126,20191230,Будние дни
24604,0,0,0,0,0,1,1,20150725,20191230,Выходные дни
26244,1,1,1,1,1,0,0,20160301,20191230,Будние дни
25634,1,1,1,1,1,1,1,20160101,20191230,Ежедневно
26398,1,1,1,1,1,1,1,20160302,20191230,Ежедневно
26107,0,0,0,0,0,1,1,20160204,20191230,Выходные дни
26106,1,1,1,1,1,0,0,20160204,20191230,Будние дни
25209,1,1,1,1,1,1,1,20160111,20191230,Ежедневно
24301,1,1,1,1,1,1,1,20151012,20191230,Ежедневно
26056,1,1,1,1,1,1,1,20160208,20191230,Ежедневно
25325,0,0,0,0,0,1,1,20151222,20191230,Выходные дни
25324,1,1,1,1,1,0,0,20151222,20191230,Будние дни
25980,0,0,0,0,0,1,1,20160208,20191230,Выходные дни
25979,1,1,1,1,1,0,0,20160208,20160308,Будние дни
25485,1,1,1,1,1,1,1,20160103,20191230,Ежедневно
24992,0,0,0,0,0,0,1,20151125,20191230,Воскресенье
26049,1,1,1,1,1,1,0,20160208,20191230,Будние и субботние дни
21505,1,1,1,1,1,0,0,20150615,20191230,Будние дни
21506,0,0,0,0,0,1,1,20150615,20191230,Выходные дни
21711,1,1,1,1,1,1,1,20150618,20160302,Ежедневно
25876,1,1,1,1,1,1,1,20160119,20191230,Ежедневно
24110,1,1,1,1,1,1,0,20150923,20191230,Будние и субботние дни
25458,0,0,0,0,0,1,1,20160103,20191230,Выходные дни
24410,1,1,1,1,1,0,0,20151005,20191230,Будние дни
19572,1,1,1,1,1,1,1,20150406,20191230,Ежедневно
24931,1,1,1,1,1,0,0,20151119,20191230,Будние дни
24932,0,0,0,0,0,1,1,20151119,20191230,Выходные дни
24865,1,1,1,1,1,0,0,20151114,20191230,Будние дни
25454,0,0,0,0,0,1,1,20160103,20191230,Выходные дни
25820,1,1,1,1,1,0,0,20160118,20191230,Будние дни
25819,0,0,0,0,0,1,1,20160118,20160318,Выходные дни
23252,0,0,0,0,0,1,1,20150817,20191230,Выходные дни
24765,1,1,1,1,1,0,0,20151113,20191230,Будние дни
19263,1,1,1,1,1,1,1,20150316,20191230,Ежедневно
19264,1,1,1,1,1,1,1,20150316,20191230,Ежедневно
24895,0,0,0,0,0,1,1,20151118,20191230,Выходные дни
24894,1,1,1,1,1,0,0,20151118,20191230,Будние дни
26351,0,0,0,0,0,1,0,20160229,20191230,Суббота
26352,0,0,0,0,0,0,1,20160229,20191230,Воскресенье
26350,1,1,1,1,1,0,0,20160229,20191230,Будние дни
23387,1,1,1,1,1,1,1,20150823,20191230,Ежедневно
24587,0,0,0,0,0,1,1,20151019,20191230,Выходные дни
24588,1,1,1,1,1,0,0,20151019,20191230,Будние дни
21709,0,0,0,0,0,1,1,20150618,20191230,Выходные дни
21708,1,1,1,1,1,0,0,20150618,20191230,Будние дни
18056,1,1,1,1,1,1,1,20141207,20191230,Ежедневно
26366,1,1,1,1,1,1,1,20160302,20191230,Ежедневно
26375,0,0,0,0,0,1,1,20160302,20191230,Выходные дни
26373,1,1,1,1,1,0,0,20160302,20191230,Будние дни
24111,0,0,0,0,0,0,1,20150923,20191230,Воскресенье
24108,1,1,1,1,1,1,0,20150923,20191230,Будние и субботние дни
26346,1,1,1,1,1,1,1,20160229,20191230,Ежедневно
25099,1,1,1,1,1,1,1,20151202,20191230,Ежедневно
22334,1,1,1,1,1,1,1,20150715,20191230,Ежедневно
26103,1,1,1,1,1,0,0,20160204,20191230,Будние дни
26150,0,0,0,0,0,1,1,20160215,20191230,Выходные дни
26149,1,1,1,1,1,0,0,20160215,20191230,Будние дни
25045,1,1,1,1,1,1,1,20151126,20191230,Ежедневно
18642,1,1,1,1,1,0,0,20150115,20191230,Будние дни
25461,0,0,0,0,0,1,1,20160103,20191230,Выходные дни
25597,0,0,0,0,0,1,1,20160103,20191230,Выходные дни
18641,1,1,1,1,1,0,0,20150115,20191230,Будние дни
25468,1,1,1,1,1,1,1,20160103,20191230,Ежедневно
25497,0,0,0,0,0,1,1,20151223,20191230,Выходные дни
25496,1,1,1,1,1,0,0,20151223,20191230,Будние дни
23687,1,1,1,1,1,1,0,20150902,20191230,Будние и субботние дни
23688,0,0,0,0,0,0,1,20150902,20191230,Воскресенье
26048,1,1,1,1,1,1,0,20160208,20191230,Будние и субботние дни
24991,0,0,0,0,0,0,1,20151125,20191230,Воскресенье
24714,0,0,0,0,0,1,1,20151103,20191230,Выходные дни
24712,1,1,1,1,1,0,0,20151103,20191230,Будние дни
25518,0,0,0,0,0,0,1,20151226,20191230,Воскресенье
23573,0,0,0,0,0,1,0,20150901,20191230,Суббота
23571,1,1,1,1,1,0,0,20150901,20191230,Будние дни
23574,0,0,0,0,0,1,0,20150901,20191230,Суббота
23572,1,1,1,1,1,0,0,20150901,20191230,Будние дни
24896,1,1,1,1,1,1,1,20151118,20191230,Ежедневно
21817,1,1,1,1,1,0,0,20150620,20160313,Будние дни
21818,0,0,0,0,0,1,1,20150620,20191230,Выходные дни
25755,0,0,0,0,0,1,1,20160125,20160318,Выходные дни
25754,1,1,1,1,1,0,0,20160125,20160313,Будние дни
24178,1,1,1,1,1,1,1,20150925,20191230,Ежедневно
24015,1,1,1,1,1,1,1,20150928,20191230,Ежедневно
26290,1,1,1,1,1,1,1,20160224,20191230,Ежедневно
19372,1,1,1,1,1,1,1,20150313,20191230,Ежедневно
19480,1,1,1,1,1,1,1,20150401,20191230,Ежедневно
14928,0,0,0,0,0,1,1,20140820,20191230,Выходные дни
14926,1,1,1,1,1,0,0,20140820,20191230,Будние дни
23529,1,1,1,1,1,1,0,20150901,20191230,Будние и субботние дни
23531,0,0,0,0,0,0,1,20150901,20191230,Воскресенье
26365,1,1,1,1,1,1,1,20160302,20191230,Ежедневно
26369,1,1,1,1,1,1,1,20160302,20191230,Ежедневно
25224,1,1,1,1,1,1,1,20151209,20191230,Ежедневно
26371,1,1,1,1,1,1,1,20160302,20191230,Ежедневно
23528,1,1,1,1,1,1,0,20150901,20191230,Будние и субботние дни
25333,1,1,1,1,1,1,1,20160102,20191230,Ежедневно
17889,0,0,0,0,0,0,1,20141124,20191230,Воскресенье
26172,1,1,1,1,1,1,0,20160224,20191230,Будние и субботние дни
23532,0,0,0,0,0,0,1,20150901,20191230,Воскресенье
23530,1,1,1,1,1,1,0,20150901,20191230,Будние и субботние дни
26377,1,1,1,1,1,1,1,20160302,20191230,Ежедневно
26367,1,1,1,1,1,1,1,20160302,20191230,Ежедневно
25208,1,1,1,1,1,1,1,20160111,20191230,Ежедневно
6997,0,0,0,0,0,1,1,20130825,20191230,Выходные дни
6995,1,1,1,1,1,0,0,20130825,20191230,Будние дни
25102,1,1,1,1,1,0,0,20151204,20191230,Будние дни
25330,0,0,0,0,0,1,1,20151204,20191230,Выходные дни
26372,1,1,1,1,1,1,1,20160302,20191230,Ежедневно
21710,1,1,1,1,1,1,1,20150618,20160302,Ежедневно
23709,1,1,1,1,1,1,1,20150917,20191230,Ежедневно
25827,1,1,1,1,1,0,0,20160201,20191230,Будние дни
25914,0,0,0,0,0,1,1,20160123,20191230,Выходные дни
25915,1,1,1,1,1,0,0,20160123,20191230,Будние дни
24017,1,1,1,1,1,1,1,20150928,20160302,Ежедневно
26315,1,1,1,1,1,1,1,20160301,20191230,Ежедневно
26109,1,1,1,1,1,0,0,20160204,20191230,Будние дни
26108,0,0,0,0,0,1,1,20160204,20191230,Выходные дни
24416,0,0,0,0,0,1,1,20151007,20191230,Выходные дни
26091,1,1,1,1,1,0,0,20160208,20191230,Будние дни
25869,0,0,0,0,0,1,1,20160118,20191230,Выходные дни
25868,1,1,1,1,1,0,0,20160118,20191230,Будние дни
25111,1,1,1,1,1,1,1,20151202,20191230,Ежедневно
25811,1,1,1,1,1,0,0,20160115,20191230,Будние дни
25810,0,0,0,0,0,1,1,20160115,20191230,Выходные дни
19037,1,1,1,1,1,1,1,20150210,20191230,Ежедневно
24837,1,1,1,1,1,1,1,20151111,20191230,Ежедневно
26190,1,1,1,1,1,0,0,20160225,20191230,Будние дни
26191,0,0,0,0,0,1,1,20160225,20191230,Выходные дни
26057,1,1,1,1,1,0,0,20160215,20191230,Будние дни
26343,0,0,0,0,0,1,1,20160229,20191230,Выходные дни
19643,1,1,1,1,1,1,1,20150420,20191230,Ежедневно
25541,1,1,1,1,1,0,0,20151230,20191230,Будние дни
25540,0,0,0,0,0,1,1,20151230,20191230,Выходные дни
26348,0,0,0,0,0,1,1,20160229,20191230,Выходные дни
26347,1,1,1,1,1,0,0,20160229,20191230,Будние дни
24013,1,1,1,1,1,1,0,20150928,20191230,Будние и субботние дни
24014,0,0,0,0,0,0,1,20150928,20191230,Воскресенье
26050,0,0,0,0,0,1,0,20160208,20191230,Суббота
26052,1,1,1,1,1,0,0,20160208,20191230,Будние дни
26054,0,0,0,0,0,0,1,20160208,20191230,Воскресенье
26053,1,1,1,1,1,0,0,20160208,20191230,Будние дни
26051,0,0,0,0,0,1,0,20160208,20191230,Суббота
5149,1,1,1,1,1,1,1,20130531,20191230,Ежедневно
24527,1,1,1,1,1,0,0,20151019,20191230,Будние дни
26255,1,1,1,1,1,1,1,20160225,20191230,Ежедневно
25956,1,1,1,1,1,1,1,20160127,20191230,Ежедневно
25470,1,1,1,1,1,1,1,20160103,20191230,Ежедневно
22040,1,1,1,1,1,0,0,20150627,20191230,Будние дни
24905,0,0,0,0,0,1,1,20151121,20191230,Выходные дни
25860,1,1,1,1,1,1,1,20160127,20191230,Ежедневно
25871,1,1,1,1,1,1,1,20160118,20191230,Ежедневно
25519,0,0,0,0,0,1,1,20151226,20191230,Выходные дни
23652,1,1,1,1,1,0,0,20150901,20191230,Будние дни
22331,1,1,1,1,1,1,1,20150715,20191230,Ежедневно
25240,1,1,1,1,1,0,0,20151212,20191230,Будние дни
25239,0,0,0,0,0,1,1,20151212,20191230,Выходные дни
26001,1,1,1,1,1,0,0,20160201,20191230,Будние дни
26003,0,0,0,0,0,1,1,20160201,20191230,Выходные дни
24207,0,0,0,0,0,1,1,20151001,20191230,Выходные дни
25247,1,1,1,1,1,0,0,20151215,20191230,Будние дни
24526,1,1,1,1,1,0,0,20151019,20191230,Будние дни
24112,0,0,0,0,0,0,1,20150923,20191230,Воскресенье
24109,1,1,1,1,1,1,0,20150923,20191230,Будние и субботние дни
25482,1,1,1,1,1,1,1,20160103,20191230,Ежедневно
19431,1,1,1,1,1,1,1,20150325,20191230,Ежедневно
24180,1,1,1,1,1,1,1,20150925,20191230,Ежедневно
26006,0,0,0,0,0,1,1,20160201,20191230,Выходные дни
26007,1,1,1,1,1,0,0,20160201,20191230,Будние дни
25656,1,1,1,1,1,0,0,20160105,20191230,Будние дни
25655,0,0,0,0,0,1,1,20160105,20191230,Выходные дни
24422,0,0,0,0,0,1,1,20151019,20191230,Выходные дни
24421,1,1,1,1,1,0,0,20151019,20191230,Будние дни
26277,0,0,0,0,0,1,1,20160224,20191230,Выходные дни
26276,1,1,1,1,1,0,0,20160224,20191230,Будние дни
26213,1,1,1,1,1,1,1,20160222,20191230,Ежедневно
24786,1,1,1,1,1,1,1,20151106,20191230,Ежедневно
24984,0,0,0,0,0,1,1,20151123,20191230,Выходные дни
24983,1,1,1,1,1,0,0,20151123,20191230,Будние дни
26274,1,1,1,1,1,0,0,20160224,20191230,Будние дни
26275,0,0,0,0,0,1,1,20160224,20191230,Выходные дни
24784,1,1,1,1,1,1,1,20151106,20191230,Ежедневно
26115,1,1,1,1,1,0,0,20160204,20191230,Будние дни
26114,0,0,0,0,0,1,1,20160204,20191230,Выходные дни
25088,1,1,1,1,1,0,0,20151201,20191230,Будние дни
25432,0,0,0,0,0,1,1,20160108,20191230,Выходные дни
26105,1,1,1,1,1,0,0,20160204,20191230,Будние дни
26104,0,0,0,0,0,1,1,20160204,20191230,Выходные дни
26259,1,1,1,1,1,1,1,20160221,20191230,Ежедневно
25998,1,1,1,1,1,0,0,20160201,20191230,Будние дни
25997,0,0,0,0,0,1,1,20160201,20191230,Выходные дни
24222,1,1,1,1,1,0,0,20150927,20191230,Будние дни
25417,0,0,0,0,0,1,1,20160108,20191230,Выходные дни
16119,1,1,1,1,1,0,0,20140920,20191230,Будние дни
25487,0,0,0,0,0,1,1,20160103,20191230,Выходные дни
26121,1,1,1,1,1,1,1,20160204,20191230,Ежедневно
26278,1,1,1,1,1,0,0,20160224,20160308,Будние дни
26009,0,0,0,0,0,1,1,20160201,20160308,Выходные дни
25139,1,1,1,1,1,0,0,20151207,20191230,Будние дни
25142,0,0,0,0,0,1,1,20151207,20191230,Выходные дни
25043,1,1,1,1,1,1,1,20151126,20191230,Ежедневно
24583,1,1,1,1,1,0,0,20151019,20191230,Будние дни
25405,0,0,0,0,0,1,1,20160108,20191230,Выходные дни
24424,0,0,0,0,0,1,1,20151019,20191230,Выходные дни
24423,1,1,1,1,1,0,0,20151019,20191230,Будние дни
26397,1,1,1,1,1,1,1,20160301,20191230,Ежедневно
23958,0,0,0,0,0,1,1,20150913,20191230,Выходные дни
23957,1,1,1,1,1,0,0,20150913,20191230,Будние дни
21292,0,0,0,0,0,1,1,20150601,20191230,Выходные дни
24525,1,1,1,1,1,0,0,20151019,20191230,Будние дни
25237,1,1,1,1,1,0,0,20151215,20191230,Будние дни
25342,0,0,0,0,0,1,1,20160102,20191230,Выходные дни
26016,1,1,1,1,1,0,0,20160128,20191230,Будние дни
26017,0,0,0,0,0,1,1,20160128,20191230,Выходные дни
24929,1,1,1,1,1,0,0,20151121,20191230,Будние дни
24930,0,0,0,0,0,1,1,20151121,20191230,Выходные дни
26080,0,0,0,0,1,0,0,20160208,20191230,Пятница
26082,0,0,0,0,0,1,1,20160208,20191230,Выходные дни
26078,1,1,1,1,0,0,0,20160208,20191230,Будние дни кроме пятницы
25317,1,1,1,1,1,0,0,20151222,20191230,Будние дни
25318,0,0,0,0,0,1,1,20151222,20191230,Выходные дни
26279,1,1,1,1,1,0,0,20160224,20191230,Будние дни
26280,0,0,0,0,0,1,1,20160224,20191230,Выходные дни
25326,1,1,1,1,1,1,1,20151228,20191230,Ежедневно
25248,1,1,1,1,1,0,0,20151215,20191230,Будние дни
24904,1,1,1,1,1,1,1,20151121,20191230,Ежедневно
25822,1,1,1,1,1,0,0,20160115,20191230,Будние дни
25821,0,0,0,0,0,1,1,20160115,20191230,Выходные дни
26138,0,0,0,0,0,1,1,20160208,20191230,Выходные дни
26291,0,0,0,0,1,0,0,20160224,20191230,Пятница
26294,1,1,1,1,0,0,0,20160224,20191230,Будние дни кроме пятницы
26296,1,1,1,1,0,0,0,20160224,20191230,Будние дни кроме пятницы
26293,0,0,0,0,1,0,0,20160224,20191230,Пятница
25397,0,0,0,0,0,1,1,20160108,20191230,Выходные дни
25614,1,1,1,1,1,0,0,20160101,20191230,Будние дни
26112,0,0,0,0,0,1,1,20160204,20191230,Выходные дни
26113,1,1,1,1,1,0,0,20160204,20191230,Будние дни
26171,1,1,1,1,1,1,1,20160212,20191230,Ежедневно
26125,1,1,1,1,1,1,1,20160204,20191230,Ежедневно
24507,1,1,1,1,1,0,0,20151021,20191230,Будние дни
25389,0,0,0,0,0,1,1,20160108,20191230,Выходные дни
26214,0,0,0,0,0,1,1,20160222,20191230,Выходные дни
25249,1,1,1,1,1,0,0,20151215,20191230,Будние дни
17072,0,0,0,0,0,0,1,20141019,20191230,Воскресенье
17069,0,0,0,0,0,1,0,20141019,20191230,Суббота
17066,1,1,1,1,1,0,0,20141019,20191230,Будние дни
17065,1,1,1,1,1,0,0,20141019,20191230,Будние дни
17068,0,0,0,0,0,1,0,20141019,20191230,Суббота
17071,0,0,0,0,0,0,1,20141019,20191230,Воскресенье
25985,1,1,1,1,1,0,0,20160208,20191230,Будние дни
25986,0,0,0,0,0,1,1,20160208,20191230,Выходные дни
17067,1,1,1,1,1,0,0,20141019,20191230,Будние дни
17073,0,0,0,0,0,0,1,20141019,20191230,Воскресенье
17070,0,0,0,0,0,1,0,20141019,20191230,Суббота
9904,1,1,1,1,1,1,1,20131222,20191230,Ежедневно
25462,0,0,0,0,0,1,1,20160103,20191230,Выходные дни
18643,1,1,1,1,1,0,0,20150115,20191230,Будние дни
26123,1,1,1,1,1,1,1,20160204,20191230,Ежедневно
25834,1,1,1,1,1,1,1,20160116,20191230,Ежедневно
26002,1,1,1,1,1,0,0,20160201,20191230,Будние дни
23290,1,1,1,1,1,1,1,20150901,20191230,Ежедневно
25320,1,1,1,1,1,1,0,20151222,20191230,Будние и субботние дни
25321,0,0,0,0,0,0,1,20151222,20191230,Воскресенье
25604,1,1,1,1,1,0,0,20151231,20191230,Будние дни
25605,0,0,0,0,0,1,1,20151231,20191230,Выходные дни
25603,0,0,0,0,0,1,1,20160103,20191230,Выходные дни
25600,1,1,1,1,1,0,0,20151231,20191230,Будние дни
26345,1,1,1,1,1,0,0,20160229,20191230,Будние дни
26344,0,0,0,0,0,1,1,20160229,20191230,Выходные дни
25252,1,1,1,1,1,1,1,20151215,20191230,Ежедневно
26102,1,1,1,1,1,1,1,20160204,20191230,Ежедневно
24417,0,0,0,0,0,1,1,20151007,20191230,Выходные дни
26090,1,1,1,1,1,0,0,20160208,20191230,Будние дни
9630,0,0,0,0,0,1,1,20131205,20191230,Выходные дни
15886,1,1,1,1,1,0,0,20140914,20191230,Будние дни
22333,1,1,1,1,1,1,1,20150715,20191230,Ежедневно
22328,1,1,1,1,1,1,1,20150715,20191230,Ежедневно
22332,1,1,1,1,1,1,1,20150715,20191230,Ежедневно
22329,1,1,1,1,1,1,1,20150715,20191230,Ежедневно
22330,1,1,1,1,1,1,1,20150715,20191230,Ежедневно
26158,1,1,1,1,1,1,1,20160210,20191230,Ежедневно
26159,1,1,1,1,1,1,1,20160210,20191230,Ежедневно
26245,1,1,1,1,1,0,0,20160301,20191230,Будние дни
22750,1,1,1,1,1,1,1,20150730,20191230,Ежедневно
26165,1,1,1,1,1,1,1,20160223,20160313,Ежедневно
26148,1,1,1,1,1,0,0,20160215,20191230,Будние дни
26005,0,0,0,0,0,1,1,20160201,20191230,Выходные дни
26004,1,1,1,1,1,0,0,20160201,20191230,Будние дни
26096,0,0,0,0,0,1,1,20160215,20191230,Выходные дни
26095,1,1,1,1,1,0,0,20160215,20191230,Будние дни
25044,0,0,0,0,0,1,1,20151126,20191230,Выходные дни
14438,1,1,1,1,1,0,0,20140805,20191230,Будние дни
20816,1,1,1,1,1,0,0,20150521,20191230,Будние дни
24181,0,0,0,0,0,1,1,20150925,20191230,Выходные дни
26160,0,0,0,0,0,1,1,20160210,20191230,Выходные дни
26161,1,1,1,1,1,0,0,20160210,20191230,Будние дни
25823,0,0,0,0,0,1,1,20160115,20191230,Выходные дни
21518,1,1,1,1,1,0,0,20150611,20191230,Будние дни
24840,0,0,0,0,0,1,1,20151111,20191230,Выходные дни
25092,1,1,1,1,1,0,0,20151201,20191230,Будние дни
24593,1,1,1,1,1,1,1,20151021,20191230,Ежедневно
6993,1,1,1,1,1,0,0,20130825,20191230,Будние дни
6996,0,0,0,0,0,1,1,20130825,20191230,Выходные дни
26193,0,0,0,0,0,1,1,20160215,20191230,Выходные дни
26192,1,1,1,1,1,0,0,20160215,20191230,Будние дни
22650,1,1,1,1,1,1,1,20150801,20191230,Ежедневно
22143,1,1,1,1,1,1,1,20150629,20191230,Ежедневно
24628,1,1,1,1,1,0,0,20151024,20191230,Будние дни
25472,0,0,0,0,0,1,1,20160103,20191230,Выходные дни
13393,1,1,1,1,1,0,0,20140624,20191230,Будние дни
13395,0,0,0,0,0,0,1,20140624,20191230,Воскресенье
13394,0,0,0,0,0,1,0,20140624,20191230,Суббота
23462,1,1,1,1,1,1,1,20150825,20191230,Ежедневно
24185,1,1,1,1,1,0,0,20150925,20191230,Будние дни
20825,0,0,0,0,0,1,1,20150529,20191230,Выходные дни
14439,1,1,1,1,1,0,0,20140805,20191230,Будние дни
25476,0,0,0,0,0,1,1,20160103,20191230,Выходные дни
25759,0,0,0,0,0,1,1,20160118,20191230,Выходные дни
25758,1,1,1,1,1,0,0,20160118,20191230,Будние дни
25944,0,0,0,0,0,1,1,20160125,20191230,Выходные дни
25943,1,1,1,1,1,0,0,20160125,20191230,Будние дни
21065,1,1,1,1,1,1,1,20150525,20191230,Ежедневно
21066,0,0,0,0,0,1,1,20150525,20191230,Выходные дни
21067,1,1,1,1,1,0,0,20150525,20191230,Будние дни
24808,1,1,1,1,1,0,0,20151109,20191230,Будние дни
24809,0,0,0,0,0,1,1,20151109,20191230,Выходные дни
26046,1,1,1,1,1,1,0,20160208,20191230,Будние и субботние дни
24713,1,1,1,1,1,0,0,20151103,20191230,Будние дни
24715,0,0,0,0,0,1,1,20151103,20191230,Выходные дни
23928,0,0,0,0,0,1,1,20150912,20191230,Выходные дни
23927,1,1,1,1,1,0,0,20150912,20191230,Будние дни
22778,0,0,0,0,0,1,0,20150509,20191230,Суббота
22779,1,1,1,1,1,0,0,20150509,20191230,Будние дни
22777,0,0,0,0,0,0,1,20150509,20191230,Воскресенье
25559,0,0,0,0,0,1,1,20151230,20191230,Выходные дни
25567,1,1,1,1,1,0,0,20160111,20191230,Будние дни
24643,1,1,1,1,1,1,1,20151101,20191230,Ежедневно
24299,1,1,1,1,1,1,1,20150925,20191230,Ежедневно
23382,0,0,0,0,0,1,1,20150823,20191230,Выходные дни
23383,1,1,1,1,1,0,0,20150823,20191230,Будние дни
17733,0,0,0,0,0,1,1,20141120,20191230,Выходные дни
20848,1,1,1,1,1,0,0,20150528,20191230,Будние дни
20555,0,0,0,0,0,1,1,20150509,20191230,Выходные дни
20556,1,1,1,1,1,0,0,20150509,20191230,Будние дни
17734,0,0,0,0,0,1,1,20141120,20191230,Выходные дни
20849,1,1,1,1,1,0,0,20150528,20191230,Будние дни
14771,0,0,0,0,0,1,1,20140816,20191230,Выходные дни
14772,1,1,1,1,1,0,0,20140816,20160302,Будние дни
20850,1,1,1,1,1,0,0,20150528,20191230,Будние дни
19669,1,1,1,1,1,1,1,20150501,20191230,Ежедневно
25815,0,0,0,0,0,1,1,20160118,20191230,Выходные дни
25814,1,1,1,1,1,0,0,20160118,20191230,Будние дни
25817,1,1,1,1,1,0,0,20160118,20191230,Будние дни
25816,0,0,0,0,0,1,1,20160118,20191230,Выходные дни
20853,0,0,0,0,0,0,1,20150528,20191230,Воскресенье
20845,1,1,1,1,1,0,0,20150528,20191230,Будние дни
20851,0,0,0,0,0,1,0,20150528,20191230,Суббота
20847,1,1,1,1,1,0,0,20150528,20191230,Будние дни
20846,1,1,1,1,1,0,0,20150528,20191230,Будние дни
20854,0,0,0,0,0,0,1,20150528,20191230,Воскресенье
20852,0,0,0,0,0,1,0,20150528,20191230,Суббота
25859,1,1,1,1,1,1,1,20160127,20191230,Ежедневно
26400,0,0,0,0,0,1,1,20160302,20191230,Выходные дни
26399,1,1,1,1,1,0,0,20160302,20191230,Будние дни
26421,1,1,1,1,1,0,0,20160301,20191230,Будние дни
24398,1,1,1,1,1,0,0,20151005,20191230,Будние дни
24906,0,0,0,0,0,1,1,20151121,20191230,Выходные дни
8129,0,0,0,0,0,0,1,20131006,20191230,Воскресенье
8130,1,1,1,1,1,1,0,20131006,20191230,Будние и субботние дни
24391,0,0,0,0,0,1,1,20151005,20191230,Выходные дни
24390,1,1,1,1,1,0,0,20151005,20191230,Будние дни
26110,1,1,1,1,1,0,0,20160204,20191230,Будние дни
26111,0,0,0,0,0,1,1,20160204,20191230,Выходные дни
26248,1,1,1,1,1,1,1,20160225,20191230,Ежедневно
26249,1,1,1,1,1,1,1,20160225,20191230,Ежедневно
25385,1,1,1,1,1,1,1,20160102,20191230,Ежедневно
25061,1,1,1,1,1,0,0,20151201,20191230,Будние дни
25062,0,0,0,0,0,1,1,20151201,20191230,Выходные дни
19274,1,1,1,1,1,1,1,20150302,20191230,Ежедневно
26251,1,1,1,1,1,0,0,20160225,20191230,Будние дни
26252,0,0,0,0,0,1,1,20160225,20191230,Выходные дни
26253,1,1,1,1,1,0,0,20160225,20191230,Будние дни
26254,0,0,0,0,0,1,1,20160225,20191230,Выходные дни
25456,0,0,0,0,0,1,1,20160103,20191230,Выходные дни
25123,1,1,1,1,1,0,0,20151201,20191230,Будние дни
26360,0,0,0,0,0,1,1,20160301,20191230,Выходные дни
26361,1,1,1,1,1,0,0,20160301,20191230,Будние дни
25322,0,0,0,0,0,1,1,20151222,20191230,Выходные дни
25323,1,1,1,1,1,0,0,20151222,20191230,Будние дни
20817,1,1,1,1,1,0,0,20150521,20191230,Будние дни
24182,0,0,0,0,0,1,1,20150925,20191230,Выходные дни
26423,1,1,1,1,1,1,1,20160301,20191230,Ежедневно
20430,0,0,0,0,0,0,1,20150509,20191230,Воскресенье
20431,1,1,1,1,1,1,0,20150509,20191230,Будние и субботние дни
20824,0,0,0,0,0,1,1,20150529,20191230,Выходные дни
24183,1,1,1,1,1,0,0,20150925,20191230,Будние дни
20855,1,1,1,1,1,1,0,20150528,20191230,Будние и субботние дни
20857,0,0,0,0,0,0,1,20150528,20191230,Воскресенье
20858,0,0,0,0,0,0,1,20150528,20191230,Воскресенье
20856,1,1,1,1,1,1,0,20150528,20191230,Будние и субботние дни
14773,1,1,1,1,1,1,1,20140816,20191230,Ежедневно
25144,0,0,0,0,0,1,1,20151207,20191230,Выходные дни
25140,1,1,1,1,1,0,0,20151207,20191230,Будние дни
23704,1,1,1,1,1,1,1,20150910,20191230,Ежедневно
25143,0,0,0,0,0,1,1,20151207,20191230,Выходные дни
25141,1,1,1,1,1,0,0,20151207,20191230,Будние дни
23336,1,1,1,1,1,0,0,20150822,20191230,Будние дни
25886,0,0,0,0,0,1,1,20160130,20191230,Выходные дни
25164,0,0,0,0,0,1,1,20151215,20191230,Выходные дни
25243,1,1,1,1,1,0,0,20151215,20191230,Будние дни
22696,0,0,0,0,0,1,1,20150726,20191230,Выходные дни
25245,1,1,1,1,1,0,0,20151215,20191230,Будние дни
25244,1,1,1,1,1,0,0,20151215,20191230,Будние дни
25166,0,0,0,0,0,1,1,20151215,20191230,Выходные дни
25246,1,1,1,1,1,0,0,20151215,20191230,Будние дни
25165,0,0,0,0,0,1,1,20151215,20191230,Выходные дни
24395,0,0,0,0,0,1,1,20151005,20191230,Выходные дни
24394,1,1,1,1,1,0,0,20151005,20191230,Будние дни
20799,0,0,0,0,0,1,1,20150518,20191230,Выходные дни
20798,1,1,1,1,1,0,0,20150518,20191230,Будние дни
15594,1,1,1,1,1,1,1,20140904,20191230,Ежедневно
24650,1,1,1,1,1,0,0,20151029,20191230,Будние дни
24651,0,0,0,0,0,1,1,20151029,20191230,Выходные дни
19035,1,1,1,1,1,1,1,20150209,20191230,Ежедневно
26073,1,1,1,1,1,1,1,20160204,20191230,Ежедневно
24586,1,1,1,1,1,1,1,20151019,20191230,Ежедневно
19374,1,1,1,1,1,1,1,20150313,20191230,Ежедневно
19373,1,1,1,1,1,1,1,20150313,20191230,Ежедневно
14927,0,0,0,0,0,1,1,20140820,20191230,Выходные дни
14925,1,1,1,1,1,0,0,20140820,20191230,Будние дни
23646,1,1,1,1,1,1,1,20150830,20191230,Ежедневно
19479,1,1,1,1,1,1,1,20150401,20191230,Ежедневно
23645,1,1,1,1,1,1,1,20150830,20191230,Ежедневно
26368,1,1,1,1,1,1,1,20160302,20191230,Ежедневно
26370,1,1,1,1,1,1,1,20160302,20191230,Ежедневно
17888,0,0,0,0,0,0,1,20141124,20191230,Воскресенье
26173,1,1,1,1,1,1,0,20160224,20191230,Будние и субботние дни
26376,0,0,0,0,0,1,1,20160302,20191230,Выходные дни
26374,1,1,1,1,1,0,0,20160302,20191230,Будние дни
19265,1,1,1,1,1,1,1,20150316,20191230,Ежедневно
6994,1,1,1,1,1,0,0,20130825,20191230,Будние дни
25825,0,0,0,0,0,1,1,20160115,20191230,Выходные дни
21519,1,1,1,1,1,0,0,20150611,20191230,Будние дни
26116,0,0,0,0,0,1,1,20160204,20191230,Выходные дни
26117,1,1,1,1,1,0,0,20160204,20191230,Будние дни
25547,1,1,1,1,1,0,0,20151230,20191230,Будние дни
25546,0,0,0,0,0,1,1,20151230,20160302,Выходные дни
24046,1,1,1,1,1,1,1,20150919,20191230,Ежедневно
26261,0,0,0,0,0,1,1,20160221,20191230,Выходные дни
26260,1,1,1,1,1,0,0,20160221,20191230,Будние дни
25327,1,1,1,1,1,1,1,20151228,20191230,Ежедневно
26316,1,1,1,1,1,1,1,20160301,20191230,Ежедневно
26047,1,1,1,1,1,1,0,20160208,20191230,Будние и субботние дни
26324,1,1,1,1,0,0,0,20160301,20191230,Будние дни кроме пятницы
26322,0,0,0,0,1,0,0,20160301,20191230,Пятница
25588,1,1,1,1,1,1,1,20160103,20191230,Ежедневно
25135,0,0,0,0,1,0,0,20151207,20191230,Пятница
25131,1,1,1,1,0,0,0,20151207,20191230,Будние дни кроме пятницы
24666,0,0,0,0,1,0,0,20151105,20191230,Пятница
24663,1,1,1,1,0,0,0,20151105,20191230,Будние дни кроме пятницы
24664,1,1,1,1,0,0,0,20151105,20191230,Будние дни кроме пятницы
24667,0,0,0,0,1,0,0,20151105,20191230,Пятница
25136,0,0,0,0,1,0,0,20151207,20191230,Пятница
25132,1,1,1,1,0,0,0,20151207,20191230,Будние дни кроме пятницы
26081,0,0,0,0,1,0,0,20160208,20191230,Пятница
26079,1,1,1,1,0,0,0,20160208,20191230,Будние дни кроме пятницы
25282,1,1,1,1,1,1,1,20151221,20191230,Ежедневно
26088,1,1,1,1,1,1,1,20160208,20191230,Ежедневно
17313,1,1,1,1,1,1,1,20141104,20191230,Ежедневно
25753,1,1,1,1,1,1,1,20160118,20191230,Ежедневно
25193,1,1,1,1,1,1,1,20151215,20191230,Ежедневно
25253,0,0,0,0,0,1,1,20151215,20191230,Выходные дни
25254,1,1,1,1,1,0,0,20151215,20191230,Будние дни
26337,1,1,1,1,1,1,1,20160301,20191230,Ежедневно
25194,1,1,1,1,1,1,1,20151215,20191230,Ежедневно
22488,1,1,1,1,1,1,1,20150803,20191230,Ежедневно
25474,1,1,1,1,1,1,1,20160103,20191230,Ежедневно
26273,0,0,0,0,0,1,1,20160224,20191230,Выходные дни
26272,1,1,1,1,1,0,0,20160224,20191230,Будние дни
22161,1,1,1,1,1,1,1,20150708,20191230,Ежедневно
26257,1,1,1,1,1,0,0,20160221,20191230,Будние дни
26258,0,0,0,0,0,1,1,20160221,20191230,Выходные дни
22422,0,0,0,0,0,1,1,20150710,20191230,Выходные дни
24834,1,1,1,1,1,0,0,20151110,20191230,Будние дни
24847,0,0,0,0,0,1,1,20151111,20191230,Выходные дни
24846,1,1,1,1,1,0,0,20151111,20191230,Будние дни
25087,0,0,0,0,0,1,1,20151201,20191230,Выходные дни
25086,1,1,1,1,1,0,0,20151201,20191230,Будние дни
24873,0,0,0,0,0,1,1,20151114,20191230,Выходные дни
24872,1,1,1,1,1,0,0,20151113,20191230,Будние дни
24941,1,1,1,1,1,0,0,20151118,20191230,Будние дни
24942,0,0,0,0,0,1,1,20151118,20191230,Выходные дни
24943,1,1,1,1,1,0,0,20151118,20191230,Будние дни
24944,0,0,0,0,0,1,1,20151118,20191230,Выходные дни
22944,0,0,0,0,0,1,1,20150808,20191230,Выходные дни
22943,1,1,1,1,1,0,0,20150808,20191230,Будние дни
22260,1,1,1,1,1,0,0,20150705,20191230,Будние дни
22261,0,0,0,0,0,1,1,20150710,20191230,Выходные дни
23032,1,1,1,1,1,0,0,20150809,20191230,Будние дни
23033,0,0,0,0,0,1,1,20150809,20191230,Выходные дни
23035,0,0,0,0,0,1,1,20150809,20191230,Выходные дни
23034,1,1,1,1,1,0,0,20150809,20191230,Будние дни
25902,1,1,1,1,1,0,0,20160123,20191230,Будние дни
25903,0,0,0,0,0,1,1,20160123,20191230,Выходные дни
25064,1,1,1,1,1,0,0,20151126,20191230,Будние дни
25065,0,0,0,0,0,1,1,20151126,20191230,Выходные дни
25069,1,1,1,1,1,0,0,20151128,20191230,Будние дни
25070,0,0,0,0,0,1,1,20151128,20191230,Выходные дни
22389,1,1,1,1,1,0,0,20150709,20191230,Будние дни
25066,1,1,1,1,1,0,0,20151127,20191230,Будние дни
25067,0,0,0,0,0,1,1,20151127,20191230,Выходные дни
25976,1,1,1,1,1,0,0,20160128,20191230,Будние дни
26010,1,1,1,1,1,0,0,20160129,20191230,Будние дни
26011,0,0,0,0,0,1,1,20160129,20191230,Выходные дни
22945,1,1,1,1,1,0,0,20150808,20191230,Будние дни
24920,1,1,1,1,1,0,0,20151117,20191230,Будние дни
24921,0,0,0,0,0,1,1,20151117,20191230,Выходные дни
19219,1,1,1,1,1,0,0,20150219,20191230,Будние дни
19411,1,1,1,1,1,0,0,20150317,20191230,Будние дни
19276,1,1,1,1,1,0,0,20150301,20191230,Будние дни
19218,0,0,0,0,0,1,1,20150220,20191230,Выходные дни
19450,0,0,0,0,0,1,1,20150327,20191230,Выходные дни
19449,1,1,1,1,1,0,0,20150323,20191230,Будние дни
25780,0,0,0,0,0,1,1,20160114,20191230,Выходные дни
25779,1,1,1,1,1,0,0,20160114,20191230,Будние дни
25885,0,0,0,0,0,1,1,20160120,20191230,Выходные дни
25884,1,1,1,1,1,0,0,20160120,20191230,Будние дни
21680,0,0,0,0,0,1,1,20150616,20191230,Выходные дни
21676,1,1,1,1,1,0,0,20150616,20191230,Будние дни
19169,1,1,1,1,1,0,0,20150212,20191230,Будние дни
19170,0,0,0,0,0,1,1,20150213,20191230,Выходные дни
23030,1,1,1,1,1,0,0,20150812,20191230,Будние дни
19173,1,1,1,1,1,0,0,20150215,20191230,Будние дни
19201,0,0,0,0,0,1,1,20150220,20191230,Выходные дни
19248,1,1,1,1,1,0,0,20150224,20191230,Будние дни
18717,1,1,1,1,1,0,0,20150115,20191230,Будние дни
18719,0,0,0,0,0,1,1,20150115,20191230,Выходные дни
25978,0,0,0,0,0,1,1,20160128,20191230,Выходные дни
25977,1,1,1,1,1,0,0,20160128,20191230,Будние дни
18506,1,1,1,1,1,0,0,20141229,20191230,Будние дни
18552,0,0,0,0,0,1,1,20141230,20191230,Выходные дни
19165,1,1,1,1,1,0,0,20150212,20191230,Будние дни
21452,0,0,0,0,0,1,1,20150605,20191230,Выходные дни
21451,1,1,1,1,1,0,0,20150605,20191230,Будние дни
18033,1,1,1,1,1,0,0,20141204,20191230,Будние дни
19164,0,0,0,0,0,1,1,20150213,20191230,Выходные дни
19163,1,1,1,1,1,0,0,20150211,20191230,Будние дни
23219,1,1,1,1,1,0,0,20150814,20191230,Будние дни
23220,0,0,0,0,0,1,1,20150814,20191230,Выходные дни
17960,1,1,1,1,1,0,0,20141201,20191230,Будние дни
19106,0,0,0,0,0,1,1,20150213,20191230,Выходные дни
19019,1,1,1,1,1,0,0,20150208,20191230,Будние дни
17795,0,0,0,0,0,1,1,20141121,20191230,Выходные дни
17794,1,1,1,1,1,0,0,20141121,20191230,Будние дни
19176,0,0,0,0,0,1,1,20150213,20191230,Выходные дни
19175,1,1,1,1,1,0,0,20150215,20191230,Будние дни
17400,1,1,1,1,1,0,0,20141030,20191230,Будние дни
25075,1,1,1,1,1,0,0,20151201,20191230,Будние дни
25076,0,0,0,0,0,1,1,20151201,20191230,Выходные дни
18988,1,1,1,1,1,0,0,20150208,20191230,Будние дни
18989,0,0,0,0,0,1,1,20150213,20191230,Выходные дни
22435,1,1,1,1,1,0,0,20150711,20191230,Будние дни
22436,0,0,0,0,0,1,1,20150711,20191230,Выходные дни
14680,0,0,0,0,0,1,1,20140814,20191230,Выходные дни
14679,1,1,1,1,1,0,0,20140814,20191230,Будние дни
25966,1,1,1,1,1,0,0,20160127,20191230,Будние дни
25967,0,0,0,0,0,1,1,20160127,20191230,Выходные дни
23302,1,1,1,1,1,0,0,20150821,20191230,Будние дни
23303,0,0,0,0,0,1,1,20150821,20191230,Выходные дни
23300,1,1,1,1,1,0,0,20150821,20191230,Будние дни
23301,0,0,0,0,0,1,1,20150821,20191230,Выходные дни
25756,1,1,1,1,1,0,0,20160114,20191230,Будние дни
25757,0,0,0,0,0,1,1,20160114,20191230,Выходные дни
20681,0,0,0,0,0,1,1,20150515,20191230,Выходные дни
20680,1,1,1,1,1,0,0,20150517,20191230,Будние дни
4640,1,1,1,1,1,0,0,20130410,20191230,Будние дни
23341,1,1,1,1,1,0,0,20150822,20191230,Будние дни
23342,0,0,0,0,0,1,1,20150822,20191230,Выходные дни
24732,1,1,1,1,1,0,0,20151102,20191230,Будние дни
24733,0,0,0,0,0,1,1,20151102,20191230,Выходные дни
24591,0,0,0,0,0,1,1,20151019,20191230,Выходные дни
24590,1,1,1,1,1,0,0,20151019,20191230,Будние дни
25763,1,1,1,1,1,0,0,20160114,20191230,Будние дни
25764,0,0,0,0,0,1,1,20160114,20191230,Выходные дни
26415,0,0,0,0,0,1,1,20160302,20191230,Выходные дни
26414,1,1,1,1,1,0,0,20160302,20191230,Будние дни
24566,1,1,1,1,1,0,0,20151017,20191230,Будние дни
24567,0,0,0,0,0,1,1,20151017,20191230,Выходные дни
24430,0,0,0,0,0,1,1,20151003,20191230,Выходные дни
24429,1,1,1,1,1,0,0,20151002,20191230,Будние дни
19646,1,1,1,1,1,0,0,20150415,20191230,Будние дни
19647,0,0,0,0,0,1,1,20150415,20191230,Выходные дни
25883,0,0,0,0,0,1,1,20160118,20191230,Выходные дни
25882,1,1,1,1,1,0,0,20160118,20191230,Будние дни
26417,0,0,0,0,0,1,1,20160302,20191230,Выходные дни
26416,1,1,1,1,1,0,0,20160302,20191230,Будние дни
26285,1,1,1,1,1,0,0,20160221,20191230,Будние дни
26286,0,0,0,0,0,1,1,20160221,20191230,Выходные дни
25968,1,1,1,1,1,0,0,20160127,20191230,Будние дни
25969,0,0,0,0,0,1,1,20160127,20191230,Выходные дни
23209,1,1,1,1,1,0,0,20150814,20191230,Будние дни
19404,1,1,1,1,1,0,0,20150315,20191230,Будние дни
19405,0,0,0,0,0,1,1,20150315,20191230,Выходные дни
17586,0,0,0,0,0,1,1,20141110,20191230,Выходные дни
17585,1,1,1,1,1,0,0,20141110,20191230,Будние дни
16617,0,0,0,0,0,1,1,20141003,20191230,Выходные дни
16616,1,1,1,1,1,0,0,20141003,20191230,Будние дни
25752,1,1,1,1,1,0,0,20160111,20191230,Будние дни
23304,1,1,1,1,1,0,0,20150821,20191230,Будние дни
23305,0,0,0,0,0,1,1,20150821,20191230,Выходные дни
26418,1,1,1,1,1,0,0,20160302,20191230,Будние дни
26419,0,0,0,0,0,1,1,20160302,20191230,Выходные дни
25502,1,1,1,1,1,0,0,20151226,20191230,Будние дни
25503,0,0,0,0,0,1,1,20151226,20191230,Выходные дни
25774,1,1,1,1,1,0,0,20160114,20191230,Будние дни
25775,0,0,0,0,0,1,1,20160114,20191230,Выходные дни
25974,1,1,1,1,1,0,0,20160128,20191230,Будние дни
25975,0,0,0,0,0,1,1,20160128,20191230,Выходные дни
17406,1,1,1,1,1,0,0,20141031,20191230,Будние дни
17407,0,0,0,0,0,1,1,20141031,20191230,Выходные дни
24564,1,1,1,1,1,0,0,20151016,20191230,Будние дни
24565,0,0,0,0,0,1,1,20151017,20191230,Выходные дни
26282,0,0,0,0,0,1,1,20160221,20191230,Выходные дни
26281,1,1,1,1,1,0,0,20160221,20191230,Будние дни
23343,1,1,1,1,1,0,0,20150822,20191230,Будние дни
23344,0,0,0,0,0,1,1,20150822,20191230,Выходные дни
18902,1,1,1,1,1,0,0,20150201,20191230,Будние дни
26287,1,1,1,1,1,0,0,20160221,20191230,Будние дни
26288,0,0,0,0,0,1,1,20160221,20191230,Выходные дни
22048,1,1,1,1,1,0,0,20150626,20191230,Будние дни
4106,1,1,1,1,1,0,0,20130111,20191230,Будние дни
4107,0,0,0,0,0,1,1,20130111,20191230,Выходные дни
22990,1,1,1,1,1,0,0,20150810,20191230,Будние дни
22991,0,0,0,0,0,1,1,20150810,20191230,Выходные дни
24403,1,1,1,1,1,1,1,20151006,20191230,Ежедневно
13296,1,1,1,1,1,1,1,20140116,20191230,Ежедневно
